
43834542.41
41539969.44
18330434.14
42885876.87
304753807.2
34728115.02
28822119.3
57973705.96
17445282.41
5545170.71
8122263.56
8028089.2
6039255.69
1004285.75
15524602.72
3563147.21
1291502.09
3525600.7
9087705.4
3832484.9
5150113.62
1993734.04
5893035.51
6106902.11
6447337.32
4223106.37
1170691.72
4928501.74
2074988.21
2448087.78
6900306.46
6685215.63
4651609.62
2119236.89
1913786.97
3718619.17
2479658.51
1770164.35
2170344.22
1093567.21
4011960.77
3711790.06
6461757.13
3059130.62
2374557.54
7410615.29
1244017.83
6606739.86
11349550.71
15418093.16
5936324
5227363.42
17781202.73
7801809.25
10377098.3
4318121.84
5980761.5
1950285.27
4129233.28
3117710.52
1647529.42
7741416.47
10505589.35
2341546.14
1188344.67
6513357.73
1683884.2
2127391.38
2952307.69
9390154.76
3482172.84
1351660.14
8345269.91
2619998.36
1512436.38
3304461.74
1218344.14
2286744.51
1107069.3
1699953.32
1243878.15
2884173.78
1810079.09
930108.48
716609.23
573687.22
624468.35
932413.36
766371.35
514639.32
925888.74
664209
698773.67
787725.18
665570.02
844201.96
678035
409.09